7
9
13
20
21
22
23
25
37
53
67
68
69
79
80
88
89
99
102
106
109
110
111
113
119
123
135
137
138
139
143
161
162
179
199
389
427
443
444
445
465
512
513
514
515
520
548
554
587
631
636
646
873
990
993
995
1027
1028
1029
1080
1110
1158
1433
1521
1701
1723
1755
1812
1813
1900
2049
2100
2121
2181
2375
2717
3000
3128
3306
3389
3986
4899
5000
5051
5009
5060
5190
5357
5432
5555
5631
5632
5666
5672
5900
6000
6001
6379
6380
6646
7001
7070
8008
8009
8069
8080
8081
8848
9080
9092
9100
9200
9300
9999
10050
10051
11211
27017
49153
49157
